{
  "advancedEditorSelectedIdentifier" : "ProjectBrowser",
  "openSceneRelativePaths" : [
    "AAA_MainScene.usda",
    "scenes\/StudioDark.usda",
    "scenes\/StudioLight.usda"
  ],
  "recentIdentifiers" : {

  },
  "sceneCameraHistory" : {
    "17881173-BE3B-4642-B143-97C752135E72" : [
      {
        "date" : 759247984.07004,
        "title" : "Untitled",
        "transform" : [
          0.8620747,
          -9.279857e-09,
          -0.5067813,
          0,
          -0.116146974,
          0.97338283,
          -0.19757515,
          0,
          0.4932922,
          0.22918561,
          0.8391287,
          0,
          1.2758015,
          0.59274286,
          2.1702383,
          1
        ]
      }
    ],
    "4E93EE2E-9D30-4FC9-89BC-CA51669589EF" : [
      {
        "date" : 759247989.454235,
        "title" : "Untitled",
        "transform" : [
          0.9754019,
          1.871996e-09,
          -0.22043395,
          0,
          -0.022300825,
          0.9948694,
          -0.09867935,
          0,
          0.21930298,
          0.10116792,
          0.97039753,
          0,
          0.5671833,
          0.26165062,
          2.509739,
          1
        ]
      }
    ],
    "97F357D2-0E55-4707-9C5D-0536B8CA017C" : [
      {
        "date" : 759248045.390552,
        "title" : "Untitled",
        "transform" : [
          0.8864861,
          -2.4283192e-08,
          -0.46275508,
          0,
          -0.07036039,
          0.98837334,
          -0.13478738,
          0,
          0.45737478,
          0.15204681,
          0.8761792,
          0,
          4.624379,
          2.1192265,
          -4.7669067,
          1
        ]
      },
      {
        "date" : 759248041.473359,
        "title" : "Untitled",
        "transform" : [
          0.84141034,
          -1.3879561e-08,
          -0.5403967,
          0,
          -0.26710314,
          0.8693071,
          -0.4158859,
          0,
          0.46977067,
          0.49427238,
          0.73144394,
          0,
          4.7971616,
          6.8892303,
          -6.7842445,
          1
        ]
      },
      {
        "date" : 759248038.790678,
        "title" : "Untitled",
        "transform" : [
          0.84141034,
          -1.3879561e-08,
          -0.5403967,
          0,
          -0.26710314,
          0.8693071,
          -0.4158859,
          0,
          0.46977067,
          0.49427238,
          0.73144394,
          0,
          3.2214344,
          5.2313256,
          -9.237674,
          1
        ]
      },
      {
        "date" : 759248036.657365,
        "title" : "Untitled",
        "transform" : [
          0.84141034,
          -1.3879561e-08,
          -0.5403967,
          0,
          -0.26710314,
          0.8693071,
          -0.4158859,
          0,
          0.46977067,
          0.49427238,
          0.73144394,
          0,
          2.2578533,
          4.8808475,
          -8.381978,
          1
        ]
      },
      {
        "date" : 759248032.290733,
        "title" : "Untitled",
        "transform" : [
          0.84141034,
          -1.3879561e-08,
          -0.5403967,
          0,
          -0.26710314,
          0.8693071,
          -0.4158859,
          0,
          0.46977067,
          0.49427238,
          0.73144394,
          0,
          0.5690787,
          4.1487794,
          -6.8026676,
          1
        ]
      },
      {
        "date" : 759247971.403206,
        "title" : "Untitled",
        "transform" : [
          0.84141034,
          -1.3879561e-08,
          -0.5403967,
          0,
          -0.26710314,
          0.8693071,
          -0.4158859,
          0,
          0.46977067,
          0.49427238,
          0.73144394,
          0,
          100.023834,
          113.39928,
          153.0082,
          1
        ]
      },
      {
        "date" : 759247968.363256,
        "title" : "Untitled",
        "transform" : [
          0.84141034,
          -1.3879561e-08,
          -0.5403967,
          0,
          -0.26710314,
          0.8693071,
          -0.4158859,
          0,
          0.46977067,
          0.49427238,
          0.73144394,
          0,
          244.88795,
          277.63498,
          374.60934,
          1
        ]
      },
      {
        "date" : 759247952.721263,
        "title" : "Untitled",
        "transform" : [
          0.84141034,
          1.5986096e-08,
          -0.5403967,
          0,
          -0.26671034,
          0.8697201,
          -0.4152743,
          0,
          0.46999383,
          0.49354544,
          0.73179144,
          0,
          1.1399889,
          3.4995701,
          -6.7066913,
          1
        ]
      },
      {
        "date" : 759247944.011577,
        "title" : "Untitled",
        "transform" : [
          0.84141034,
          1.5986096e-08,
          -0.5403967,
          0,
          -0.26671034,
          0.8697201,
          -0.4152743,
          0,
          0.46999383,
          0.49354544,
          0.73179144,
          0,
          245.8967,
          278.6891,
          376.17957,
          1
        ]
      },
      {
        "date" : 759247932.191561,
        "title" : "Untitled",
        "transform" : [
          0.8414104,
          1.0580209e-08,
          -0.54039675,
          0,
          -0.048104096,
          0.9960302,
          -0.07489921,
          0,
          0.5382514,
          0.08901628,
          0.83807015,
          0,
          4.0431647,
          0.6879799,
          -3.4552975,
          1
        ]
      }
    ]
  },
  "sceneViewportBackgroundColors" : {

  },
  "selectedSceneRelativePath" : "AAA_MainScene.usda"
}