{
  "advancedEditorSelectedIdentifier" : "ProjectBrowser",
  "openSceneRelativePaths" : [
    "AAA_MainScene.usda",
    "scenes\/StudioDark.usda",
    "scenes\/StudioLight.usda"
  ],
  "recentIdentifiers" : {

  },
  "sceneCameraHistory" : {
    "17881173-BE3B-4642-B143-97C752135E72" : [
      {
        "date" : 759247984.07004,
        "title" : "Untitled",
        "transform" : [
          0.8620747,
          -9.279857e-09,
          -0.5067813,
          0,
          -0.116146974,
          0.97338283,
          -0.19757515,
          0,
          0.4932922,
          0.22918561,
          0.8391287,
          0,
          1.2758015,
          0.59274286,
          2.1702383,
          1
        ]
      }
    ],
    "4E93EE2E-9D30-4FC9-89BC-CA51669589EF" : [
      {
        "date" : 759247989.454235,
        "title" : "Untitled",
        "transform" : [
          0.9754019,
          1.871996e-09,
          -0.22043395,
          0,
          -0.022300825,
          0.9948694,
          -0.09867935,
          0,
          0.21930298,
          0.10116792,
          0.97039753,
          0,
          0.5671833,
          0.26165062,
          2.509739,
          1
        ]
      }
    ],
    "97F357D2-0E55-4707-9C5D-0536B8CA017C" : [
      {
        "date" : 759337415.011667,
        "title" : "Untitled",
        "transform" : [
          0.95464045,
          -2.3081459e-08,
          -0.29776105,
          0,
          -0.078902654,
          0.9642521,
          -0.2529669,
          0,
          0.2871167,
          0.2649866,
          0.920514,
          0,
          5.6398544,
          4.3771124,
          0.14226532,
          1
        ]
      },
      {
        "date" : 759337394.377451,
        "title" : "Untitled",
        "transform" : [
          0.99937993,
          -2.4283196e-08,
          -0.035210434,
          0,
          -0.005353601,
          0.98837334,
          -0.15195249,
          0,
          0.034801066,
          0.15204681,
          0.98776037,
          0,
          1.4720297,
          2.5115397,
          1.2530565,
          1
        ]
      },
      {
        "date" : 759337320.588156,
        "title" : "Untitled",
        "transform" : [
          0.9993798,
          -2.4283192e-08,
          -0.03521043,
          0,
          -0.005353601,
          0.98837334,
          -0.15195249,
          0,
          0.034801066,
          0.15204681,
          0.98776037,
          0,
          -0.017751694,
          2.098389,
          1.3691416,
          1
        ]
      },
      {
        "date" : 759337314.720728,
        "title" : "Untitled",
        "transform" : [
          0.8864861,
          -2.4283192e-08,
          -0.46275508,
          0,
          -0.07036039,
          0.98837334,
          -0.13478738,
          0,
          0.45737478,
          0.15204681,
          0.8761792,
          0,
          3.310864,
          1.2661943,
          -4.9663525,
          1
        ]
      },
      {
        "date" : 759248045.390552,
        "title" : "Untitled",
        "transform" : [
          0.8864861,
          -2.4283192e-08,
          -0.46275508,
          0,
          -0.07036039,
          0.98837334,
          -0.13478738,
          0,
          0.45737478,
          0.15204681,
          0.8761792,
          0,
          4.624379,
          2.1192265,
          -4.7669067,
          1
        ]
      },
      {
        "date" : 759248041.473359,
        "title" : "Untitled",
        "transform" : [
          0.84141034,
          -1.3879561e-08,
          -0.5403967,
          0,
          -0.26710314,
          0.8693071,
          -0.4158859,
          0,
          0.46977067,
          0.49427238,
          0.73144394,
          0,
          4.7971616,
          6.8892303,
          -6.7842445,
          1
        ]
      },
      {
        "date" : 759248038.790678,
        "title" : "Untitled",
        "transform" : [
          0.84141034,
          -1.3879561e-08,
          -0.5403967,
          0,
          -0.26710314,
          0.8693071,
          -0.4158859,
          0,
          0.46977067,
          0.49427238,
          0.73144394,
          0,
          3.2214344,
          5.2313256,
          -9.237674,
          1
        ]
      },
      {
        "date" : 759248036.657365,
        "title" : "Untitled",
        "transform" : [
          0.84141034,
          -1.3879561e-08,
          -0.5403967,
          0,
          -0.26710314,
          0.8693071,
          -0.4158859,
          0,
          0.46977067,
          0.49427238,
          0.73144394,
          0,
          2.2578533,
          4.8808475,
          -8.381978,
          1
        ]
      },
      {
        "date" : 759248032.290733,
        "title" : "Untitled",
        "transform" : [
          0.84141034,
          -1.3879561e-08,
          -0.5403967,
          0,
          -0.26710314,
          0.8693071,
          -0.4158859,
          0,
          0.46977067,
          0.49427238,
          0.73144394,
          0,
          0.5690787,
          4.1487794,
          -6.8026676,
          1
        ]
      },
      {
        "date" : 759247971.403206,
        "title" : "Untitled",
        "transform" : [
          0.84141034,
          -1.3879561e-08,
          -0.5403967,
          0,
          -0.26710314,
          0.8693071,
          -0.4158859,
          0,
          0.46977067,
          0.49427238,
          0.73144394,
          0,
          100.023834,
          113.39928,
          153.0082,
          1
        ]
      }
    ]
  },
  "sceneViewportBackgroundColors" : {

  },
  "selectedSceneRelativePath" : "AAA_MainScene.usda"
}